image: map.png
resolution: 0.08200
origin: [-38.000000, -45.000000, 0.000000]
negate: 0
occupied_thresh: 0.65
free_thresh: 0.196
